hex
00 00  00 00
00 00  00 00
00 00  00 00
00 00  00 00
00 00  00 00
00 00  00 00
00 00  00 00
00 00  00 00
00 00  00 00
00 00  00 00

00 00  00 00
00 00  00 00
00 00  00 00
00 00  00 00
00 00  00 00
00 00  00 00
00 00  00 00
00 00  00 00
00 00  00 00
00 00  00 00

00 00  00 00
00 00  00 00
00 00  00 00
00 00  00 00
00 00  00 00
00 00  00 00
00 00  00 00
00 00  00 00
00 00  00 00
00 00  00 00

00 00  00 00
00 00  00 00
00 00  00 00
00 00  00 00
00 00  00 00
00 00  00 00
00 00  00 00
00 00  00 00
00 00  00 00
00 00  00 00

00 00  00 00
00 00  00 00
00 00  00 00
00 00  00 00
00 00  00 00
00 00  00 00
00 00  00 00
00 00  00 00
00 00  00 00
00 00  00 00
end