AddPlayerClass(115,2812.5188,-1685.2883,10.9365,143.3972,0,0,0,0,0,0); // 
AddPlayerClass(115,2683.3057,-1853.7568,11.1000,322.2867,0,0,0,0,0,0); // Shea
AddPlayerClass(115,1601.7943,-804.0209,75.4050,1.9264,0,0,0,0,0,0); // 
AddPlayerClass(115,1601.8525,-568.2773,75.3613,180.1680,0,0,0,0,0,0); // Vinewood
AddPlayerClass(115,1099.1477,553.6038,20.4833,244.7665,0,0,0,0,0,0); // 
AddPlayerClass(115,1347.5857,425.7115,20.4833,64.3899,0,0,0,0,0,0); // Montgomery
AddPlayerClass(115,545.1125,-106.2485,38.6070,264.7087,0,0,0,0,0,0); // 
AddPlayerClass(115,742.8458,-128.0047,23.0933,83.5200,0,0,0,0,0,0); // Fern Ridge
AddPlayerClass(115,2051.1255,-2493.9358,13.5469,89.9466,0,0,0,0,0,0); // 
AddPlayerClass(115,1396.0374,-2493.8882,13.5547,269.8565,0,0,0,0,0,0); // LSA
AddPlayerClass(115,2287.5266,-193.5157,28.6433,92.0133,0,0,0,0,0,0); // 
AddPlayerClass(115,2455.0959,-193.4525,28.6533,88.8405,0,0,0,0,0,0); // Palamino creek
AddPlayerClass(115,-1074.7863,417.6193,14.1564,134.4318,0,0,0,0,0,0); // 
AddPlayerClass(115,-1657.9591,-165.4750,14.1484,315.8043,0,0,0,0,0,0); // SFA
AddPlayerClass(115,-5084.1143,2539.2703,4.8733,49.8649,0,0,0,0,0,0); // 
AddPlayerClass(115,-5222.4692,2664.6536,4.8633,315.8640,0,0,0,0,0,0); // Tropicana
AddPlayerClass(115,-2375.1353,2560.1338,23.8610,93.4129,0,0,0,0,0,0); // 
AddPlayerClass(115,-2450.7891,2552.4304,23.6159,95.4809,0,0,0,0,0,0); // Bayside
AddPlayerClass(115,-2073.2026,2709.9707,165.2460,183.7017,0,0,0,0,0,0); // 
AddPlayerClass(115,-2143.7961,2710.3608,158.3788,91.0696,0,0,0,0,0,0); // Bayside hills
AddPlayerClass(115,-1642.3153,2697.8892,58.6966,271.2139,0,0,0,0,0,0); // 
AddPlayerClass(115,-1732.3265,2697.9434,60.7697,91.5076,0,0,0,0,0,0); // El Quebrados
AddPlayerClass(115,-1027.3226,2739.6775,46.4433,95.7675,0,0,0,0,0,0); // 
AddPlayerClass(115,-921.1975,2750.8298,46.4433,280.3852,0,0,0,0,0,0); // Valle Ocultado
AddPlayerClass(115,432.5537,2507.5662,16.4844,92.8952,0,0,0,0,0,0); // 
AddPlayerClass(115,-79.3705,2504.2808,16.4844,269.7191,0,0,0,0,0,0); // Verdant Meadows
AddPlayerClass(115,61.1889,1505.2120,21.6913,1.5186,0,0,0,0,0,0); // 
AddPlayerClass(115,61.0716,1306.1954,21.6913,180.3010,0,0,0,0,0,0); // Fort Carson
AddPlayerClass(115,-652.4643,1334.4441,14.9033,91.9705,0,0,0,0,0,0); // 
AddPlayerClass(115,-784.4904,1334.4617,14.9033,87.6398,0,0,0,0,0,0); // Las Barrancas
AddPlayerClass(115,-1971.9399,1485.6595,3.3276,223.7459,0,0,0,0,0,0); // 
AddPlayerClass(115,-1923.6423,1436.9688,3.2912,46.7542,0,0,0,0,0,0); // Esplanade North
AddPlayerClass(115,-3396.6025,1539.7488,2.4317,0.9823,0,0,0,0,0,0); // 
AddPlayerClass(115,-3396.5569,1946.2140,2.4417,0.6245,0,0,0,0,0,0); // Augusto Servero
AddPlayerClass(115,1115.3912,1228.0983,11.1333,355.8476,0,0,0,0,0,0); // 
AddPlayerClass(115,1115.2739,1355.7731,11.1333,54.4437,0,0,0,0,0,0); // GreenGlass Academy
AddPlayerClass(115,997.4983,2605.3303,11.2420,269.6996,0,0,0,0,0,0); // 
AddPlayerClass(115,1162.1158,2605.3044,11.2520,91.5197,0,0,0,0,0,0); // Prickle Pine
AddPlayerClass(115,96.7404,4264.4580,10.9844,0.6992,0,0,0,0,0,0); // 
AddPlayerClass(115,97.0052,4533.9780,10.9844,355.2036,0,0,0,0,0,0); // Gillespie
AddPlayerClass(115,3665.8198,2247.8501,8.1812,309.1328,0,0,0,0,0,0); // 
AddPlayerClass(115,3797.0564,2358.5342,8.2107,136.0614,0,0,0,0,0,0); // Semper Solus
AddPlayerClass(115,1477.4639,1190.4268,10.8203,275.4393,0,0,0,0,0,0); // 
AddPlayerClass(115,1477.5641,1778.1101,10.8125,180.4733,0,0,0,0,0,0); // LVA
AddPlayerClass(115,-4627.3311,4018.4468,7.4212,357.1684,0,0,0,0,0,0); // 
AddPlayerClass(115,-4622.6108,4144.5269,7.4100,178.3787,0,0,0,0,0,0); // Wozniak Island
AddPlayerClass(115,-7076.0391,2168.5596,7.1728,87.3419,0,0,0,0,0,0); // 
AddPlayerClass(115,-7505.7451,2168.8574,7.1507,88.2854,0,0,0,0,0,0); // Lilith Island
AddPlayerClass(115,-2313.7102,-1576.4642,484.2433,1.6235,0,0,0,0,0,0); // 
AddPlayerClass(115,-2313.6633,-1689.7629,484.2433,181.9172,0,0,0,0,0,0); // Mt Chilliad
AddPlayerClass(115,-3248.1414,4307.8091,6.8000,93.9161,0,0,0,0,0,0); // 
AddPlayerClass(115,-3248.4097,4708.4873,7.0516,358.5964,0,0,0,0,0,0); // Silverstone Island
AddPlayerClass(115,2204.2913,-5502.1099,6.8222,91.4191,0,0,0,0,0,0); // 
AddPlayerClass(115,1823.5686,-5502.6050,6.8944,265.4841,0,0,0,0,0,0); // Cortez Island
;AddPlayerClass(115,2947.7651,-107.9425,6.5000,182.3792,0,0,0,0,0,0); // 
;AddPlayerClass(115,2947.7969,-382.9088,6.5000,180.8382,0,0,0,0,0,0); // Floyd (removed end august 2017)
AddPlayerClass(115,8405.0508,-3226.6709,3.7653,276.4539,0,0,0,0,0,0); // 
AddPlayerClass(115,8825.4902,-3192.6555,3.8675,4.4022,0,0,0,0,0,0); // Seychelle Islands
AddPlayerClass(115,-1306.5145,-2030.0057,27.5533,1.9649,0,0,0,0,0,0); // 
AddPlayerClass(115,-1306.5729,-2147.8818,27.5333,179.8147,0,0,0,0,0,0); // Ahican
AddPlayerClass(115,4174.9692,-1734.1256,15.7244,271.9611,0,0,0,0,0,0); // 
AddPlayerClass(115,4442.6123,-1732.9834,15.7444,98.5882,0,0,0,0,0,0); // Kennedy Space Center
AddPlayerClass(115,1991.2573,4968.7368,6.4063,178.7810,0,0,0,0,0,0); // 
AddPlayerClass(115,1991.2744,5171.1582,6.3962,181.6450,0,0,0,0,0,0); // Devon Island
AddPlayerClass(115,-928.0046,-5579.0151,7.3100,88.0832,0,0,0,0,0,0); // 
AddPlayerClass(115,-1174.2493,-5578.8018,7.3200,270.0280,0,0,0,0,0,0); // Kingston Island
AddPlayerClass(115,-1420.0691,2198.6975,53.5789,265.7436,0,0,0,0,0,0); // 
AddPlayerClass(115,-1458.3634,2341.5605,53.4813,15.3486,0,0,0,0,0,0); // Samantha
AddPlayerClass(115,3704.5078,-5554.0864,35.2572,2.4320,0,0,0,0,0,0); // 
AddPlayerClass(115,3713.4873,-5715.5679,35.2659,101.7557,0,0,0,0,0,0); // Dustin Island
AddPlayerClass(115,-669.7770,1758.1149,3.2000,5.8952,0,0,0,0,0,0); // 
AddPlayerClass(115,-759.3362,1950.6444,3.2000,24.6102,0,0,0,0,0,0); // Sherman Dam
AddPlayerClass(115,1962.2933,3912.3442,7.1900,6.8529,0,0,0,0,0,0); // 
AddPlayerClass(115,1958.0695,4125.6060,7.1900,181.1062,0,0,0,0,0,0); // Watson Island
AddPlayerClass(115,-3147.5420,-2261.6599,5.8433,89.5211,0,0,0,0,0,0); // 
AddPlayerClass(115,-3340.7107,-2261.4221,5.8433,266.6522,0,0,0,0,0,0); // Jumeirah Island
AddPlayerClass(115,3511.5803,-3418.2725,14.8233,269.9846,0,0,0,0,0,0); // 
AddPlayerClass(115,3698.2402,-3418.6028,14.8512,96.7205,0,0,0,0,0,0); // Phobos Island
AddPlayerClass(115,2377.5352,3373.9080,10.7320,313.1445,0,0,0,0,0,0); // 
AddPlayerClass(115,2291.6575,3302.0339,10.7120,42.5106,0,0,0,0,0,0); // Mornington Crescent
AddPlayerClass(115,3455.8083,-4374.2725,4.6333,182.3289,0,0,0,0,0,0); // 
AddPlayerClass(115,3303.8513,-4375.4634,4.5656,276.1713,0,0,0,0,0,0); // Monstesano Island
AddPlayerClass(115,3668.7583,4968.1416,19.4500,80.5727,0,0,0,0,0,0); // 
AddPlayerClass(115,3333.0071,4968.1606,19.4500,271.3065,0,0,0,0,0,0); // Herjolfson Island
AddPlayerClass(115,-6168.9688,5401.9355,69.0212,0.4239,0,0,0,0,0,0); // 
AddPlayerClass(115,-6169.0522,5289.8789,69.0159,182.2216,0,0,0,0,0,0); // Malibu Island
AddPlayerClass(115,4924.2959,1973.7885,3.9188,180.8488,0,0,0,0,0,0); // 
AddPlayerClass(115,5246.8022,1973.8887,3.9188,90.0337,0,0,0,0,0,0); // Princess Juliana
AddPlayerClass(115,-2352.6453,83.0305,35.4100,358.7675,0,0,0,0,0,0); // 
AddPlayerClass(115,-2350.8230,246.1684,35.3900,180.3759,0,0,0,0,0,0); // Garcia
AddPlayerClass(115,1400.5126,-4998.7261,5.0633,196.8056,0,0,0,0,0,0); // 
AddPlayerClass(115,1427.5944,-5098.9165,5.0633,196.0536,0,0,0,0,0,0); // Isla de Santos
AddPlayerClass(115,2398.0671,-4652.4170,10.4244,191.4908,0,0,0,0,0,0); // 
AddPlayerClass(115,2564.3257,-4652.9868,10.4244,353.8355,0,0,0,0,0,0); // Gibraltar
AddPlayerClass(115,3571.8250,-5193.3843,6.4533,268.6209,0,0,0,0,0,0); // 
AddPlayerClass(115,3799.6560,-5193.7734,6.4733,94.3607,0,0,0,0,0,0); // Skylard
AddPlayerClass(115,26.6396,5479.9785,5.5272,270.8675,0,0,0,0,0,0); // 
AddPlayerClass(115,515.4866,5480.1118,5.5259,87.5770,0,0,0,0,0,0); // Brnik
AddPlayerClass(115,781.4617,-316.2612,20.7733,174.7720,0,0,0,0,0,0); // 
AddPlayerClass(115,783.0828,-444.8287,20.7913,193.9921,0,0,0,0,0,0); // Dillimore
AddPlayerClass(115,2287.2390,-694.4117,134.8547,90.3216,0,0,0,0,0,0); // 
AddPlayerClass(115,2361.1504,-694.4597,134.8547,269.4872,0,0,0,0,0,0); // Maku
AddPlayerClass(115,-2426.8496,-726.8757,133.1328,1.4633,0,0,0,0,0,0); // 
AddPlayerClass(115,-2426.7078,-649.5246,133.0529,271.4632,0,0,0,0,0,0); // Foster Valley
AddPlayerClass(115,2556.9602,529.8443,17.6041,270.0291,0,0,0,0,0,0); // 
AddPlayerClass(115,2693.1201,529.8214,17.6091,270.0290,0,0,0,0,0,0); // LV carrier
AddPlayerClass(115,2704.8313,787.6348,10.9913,180.8835,0,0,0,0,0,0); // 
AddPlayerClass(115,2704.8569,913.1588,10.9913,0.0258,0,0,0,0,0,0); // Rockshore East
AddPlayerClass(115,3480.0051,542.7886,6.2533,178.7137,0,0,0,0,0,0); // 
AddPlayerClass(115,3479.3772,728.6986,6.2533,0.1354,0,0,0,0,0,0); // Miramar AFB
AddPlayerClass(115,3988.0564,425.8119,15.1872,359.2941,0,0,0,0,0,0); // 
AddPlayerClass(115,3988.1104,659.1213,15.1653,357.9173,0,0,0,0,0,0); // Ular Island
AddPlayerClass(115,5165.8813,-432.1154,6.8820,1.6781,0,0,0,0,0,0); // 
AddPlayerClass(115,5349.1831,-432.0809,6.9220,270.7381,0,0,0,0,0,0); // Pelican Reef
AddPlayerClass(115,5217.0542,238.7081,3.2033,73.8070,0,0,0,0,0,0); // 
AddPlayerClass(115,5360.0649,200.7446,3.2033,255.2054,0,0,0,0,0,0); // Pelican Reef AFB
AddPlayerClass(115,3481.6011,3300.6611,8.1620,227.3617,0,0,0,0,0,0); // 
AddPlayerClass(115,3608.9929,3173.1953,8.1720,225.1914,0,0,0,0,0,0); // Mornington Crescent AFB
AddPlayerClass(115,4589.0376,4604.2583,9.3044,297.8686,0,0,0,0,0,0); // 
AddPlayerClass(115,4801.6299,4727.2622,9.3244,138.6390,0,0,0,0,0,0); // Heligoland 06
AddPlayerClass(115,4637.5933,4433.7729,9.3200,197.4311,0,0,0,0,0,0); // 
AddPlayerClass(115,4637.8564,4738.3140,9.3000,182.4492,0,0,0,0,0,0); // Heligoland 36
AddPlayerClass(115,3988.2197,4519.9736,12.8378,272.0738,0,0,0,0,0,0); // 
AddPlayerClass(115,4193.8804,4516.8232,12.8928,270.3349,0,0,0,0,0,0); // Heligoland Carrier
AddPlayerClass(115,1872.1052,6164.7310,2.4733,181.2829,0,0,0,0,0,0); // 
AddPlayerClass(115,1871.8383,6266.6455,2.4733,180.0000,0,0,0,0,0,0); // North Pole
AddPlayerClass(115,1121.0082,3146.1062,17.8244,274.7553,0,0,0,0,0,0); // 
AddPlayerClass(115,1357.5552,3179.3274,17.8400,184.4712,0,0,0,0,0,0); // S.A.S. Enterprise Carrier
AddPlayerClass(115,559.3763,3151.8755,5.7000,266.9546,0,0,0,0,0,0); // 
AddPlayerClass(115,684.3015,3151.7046,5.7000,273.3008,0,0,0,0,0,0); // Yuka Island
AddPlayerClass(115,-356.2189,3724.2700,10.3513,109.4407,0,0,0,0,0,0); // 
AddPlayerClass(115,-236.7130,3763.1985,10.2680,108.5616,0,0,0,0,0,0); // Guanacani Island
AddPlayerClass(115,196.5764,6431.9897,9.7713,270.1424,0,0,0,0,0,0); // 
AddPlayerClass(115,272.9298,6431.9165,9.7820,270.1424,0,0,0,0,0,0); // Paradiso Airbase
AddPlayerClass(115,270.5021,6228.6616,9.7020,183.9474,0,0,0,0,0,0); // 
AddPlayerClass(115,270.5560,6312.1265,9.7773,0.5635,0,0,0,0,0,0); // Frontier Post
AddPlayerClass(115,-1455.6180,5484.5410,12.2613,181.2377,0,0,0,0,0,0); // 
AddPlayerClass(115,-1455.7426,5610.0278,12.2333,0.7560,0,0,0,0,0,0); // Coral Mines
AddPlayerClass(115,-1515.9926,3964.9954,3.0953,27.6118,0,0,0,0,0,0); // 
AddPlayerClass(115,-1741.5731,4355.8721,3.0953,29.4404,0,0,0,0,0,0); // Delta International 33
AddPlayerClass(115,-1781.4974,4356.5811,3.0753,238.9858,0,0,0,0,0,0); // 
AddPlayerClass(115,-2007.1128,3966.1738,3.0753,149.6112,0,0,0,0,0,0); // Delta International 21
AddPlayerClass(115,-1988.6053,3931.0308,3.0653,0.5411,0,0,0,0,0,0); // 
AddPlayerClass(115,-1537.1842,3931.0806,3.0553,269.1239,0,0,0,0,0,0); // Delta International 09
AddPlayerClass(115,-1455.9557,3656.6375,3.0553,91.2243,0,0,0,0,0,0); // 
AddPlayerClass(115,-1906.0356,3656.6931,3.0553,90.0827,0,0,0,0,0,0); // Delta International 27
AddPlayerClass(115,-1927.7705,3622.5679,3.0753,212.9857,0,0,0,0,0,0); // 
AddPlayerClass(115,-1702.5891,3232.2532,3.0753,224.6683,0,0,0,0,0,0); // Delta International 15
AddPlayerClass(115,-1646.1820,3259.1179,3.0953,330.4032,0,0,0,0,0,0); // 
AddPlayerClass(115,-1436.5353,3622.1465,3.0953,328.5721,0,0,0,0,0,0); // Delta International 03
AddPlayerClass(115,-2360.6968,3085.5769,17.8041,270.5733,0,0,0,0,0,0); // 
AddPlayerClass(115,-2184.7229,3085.2798,17.8240,96.6987,0,0,0,0,0,0); // S.A.S. Yargey Carrier
AddPlayerClass(115,-1060.5256,3114.9788,53.1419,268.9225,0,0,0,0,0,0); // 
AddPlayerClass(115,-1127.8026,3114.9956,53.1613,89.4042,0,0,0,0,0,0); // Banfield Estates
AddPlayerClass(115,-2522.0491,3090.8120,13.9270,185.5314,0,0,0,0,0,0); // 
AddPlayerClass(115,-2522.0542,3060.6082,11.3598,180.6434,0,0,0,0,0,0); // Portlandia Estate
AddPlayerClass(115,-3528.3125,3023.0217,3.6699,89.1385,0,0,0,0,0,0); // 
AddPlayerClass(115,-3420.4939,3023.0933,3.6415,273.1688,0,0,0,0,0,0); // Hayden Island
AddPlayerClass(115,-4130.7339,3265.7900,7.2220,88.8573,0,0,0,0,0,0); // 
AddPlayerClass(115,-4336.6274,3265.6543,7.2513,90.5307,0,0,0,0,0,0); // Clarity Island
AddPlayerClass(115,-6139.7881,4449.2114,10.1800,176.6169,0,0,0,0,0,0); // 
AddPlayerClass(115,-6139.9321,3944.0759,10.2200,140.9543,0,0,0,0,0,0); // Yogyakarta Island
AddPlayerClass(115,-5654.0723,5509.9580,13.5991,92.7082,0,0,0,0,0,0); // 
AddPlayerClass(115,-5843.1553,5509.5801,13.6390,90.1168,0,0,0,0,0,0); // Unknown Malibu Carrier
AddPlayerClass(115,-4850.3945,4996.1636,10.3144,43.5667,0,0,0,0,0,0); // 
AddPlayerClass(115,-5062.4092,5231.5361,10.3344,42.5770,0,0,0,0,0,0); // Dunsfold Island 32
AddPlayerClass(115,-4742.4185,5072.5977,10.3244,359.2901,0,0,0,0,0,0); // 
AddPlayerClass(115,-5168.4678,5072.9058,10.3544,269.8511,0,0,0,0,0,0); // Dunsfold Island 09
AddPlayerClass(115,-4265.3677,5198.1548,10.2844,92.2045,0,0,0,0,0,0); // 
AddPlayerClass(115,-4442.4595,5198.0205,10.3144,270.5331,0,0,0,0,0,0); // Dunsfold AFB
AddPlayerClass(115,-4544.3823,6181.9063,12.9033,269.7947,0,0,0,0,0,0); // 
AddPlayerClass(115,-4676.7266,6181.8042,12.9033,267.4564,0,0,0,0,0,0); // Glenfiddigogogoch Island 27
AddPlayerClass(115,-4822.6196,6056.8286,64.6133,179.1301,0,0,0,0,0,0); // 
AddPlayerClass(115,-4822.6943,6170.4780,64.7003,359.7998,0,0,0,0,0,0); // Glenfiddigogogoch Island 36
;AddPlayerClass(115,-4403.4375,6383.4043,6.7820,1.5341,0,0,0,0,0,0); // 
;AddPlayerClass(115,-4403.3418,6286.1265,6.7820,180.9733,0,0,0,0,0,0); // Paradiso Island
; ^ is a bit too short for smart mode and distance to checkpoint etc etc nice sentence
; -
AddPlayerClass(192,-4402.7148,6235.8530,6.7920,180.4464,0,0,0,0,0,0); // 
AddPlayerClass(192,-4402.9390,6385.7075,6.7820,2.1384,0,0,0,0,0,0); // Paradiso Island
AddPlayerClass(115,-3625.1265,4566.5288,8.3813,123.8864,0,0,0,0,0,0); // 
AddPlayerClass(115,-3553.1101,4604.9126,8.3705,297.6000,0,0,0,0,0,0); // Crude Power Station
AddPlayerClass(115,-3951.5957,4632.3765,11.0865,18.1368,0,0,0,0,0,0); // 
AddPlayerClass(115,-3892.9888,4648.2432,11.5044,284.7903,0,0,0,0,0,0); // Salams paradise
AddPlayerClass(115,-3915.1121,3834.2896,13.7441,314.7701,0,0,0,0,0,0); // 
AddPlayerClass(115,-4089.1670,4008.3552,13.7891,45.8106,0,0,0,0,0,0); // Unknown Carrier SFNW
AddPlayerClass(115,-3042.9119,2706.1409,4.5920,2.8304,0,0,0,0,0,0); // 
AddPlayerClass(115,-3042.7581,2584.1885,4.5920,183.5463,0,0,0,0,0,0); // Portlandia Cargo
AddPlayerClass(115,-3920.2209,1827.4907,10.7674,91.0970,0,0,0,0,0,0); // 
AddPlayerClass(115,-3920.2666,1718.0935,10.7181,178.4928,0,0,0,0,0,0); // Augusto Severo idk
AddPlayerClass(115,-4843.7227,1638.1844,12.7709,358.7461,0,0,0,0,0,0); // 
AddPlayerClass(115,-4665.1250,1637.8433,12.7709,271.7170,0,0,0,0,0,0); // S.A.S. Macan Tutul Carrier
AddPlayerClass(115,-5070.9268,976.8751,5.7133,179.7569,0,0,0,0,0,0); // 
AddPlayerClass(115,-5071.0732,1189.0015,5.7133,185.5029,0,0,0,0,0,0); // Malic Island
AddPlayerClass(115,-6523.1211,1788.5500,2.5900,97.5837,0,0,0,0,0,0); // 
AddPlayerClass(115,-6694.9033,1769.8269,2.5700,98.0278,0,0,0,0,0,0); // Island of Industry 27
AddPlayerClass(115,-6532.4258,1580.6377,2.5813,277.1100,0,0,0,0,0,0); // 
AddPlayerClass(115,-6552.3052,1765.2638,2.5900,279.0500,0,0,0,0,0,0); // Island of Industry 36
AddPlayerClass(115,-10159.4834,-361.9767,16.5953,171.5245,0,0,0,0,0,0); // 
AddPlayerClass(115,-10159.1553,224.0036,16.5953,169.1610,0,0,0,0,0,0); // Forius Island 18L
AddPlayerClass(115,-10081.4746,-301.6586,16.6213,185.7588,0,0,0,0,0,0); // 
AddPlayerClass(115,-10081.3945,-431.0229,16.5065,357.5426,0,0,0,0,0,0); // Forius Island 18R
AddPlayerClass(115,-9826.0947,-454.4296,16.9613,267.5568,0,0,0,0,0,0); // 
AddPlayerClass(115,-9915.4629,-454.6220,16.9433,337.4855,0,0,0,0,0,0); // Forius AFB
AddPlayerClass(115,-6841.0723,-932.3456,6.1222,315.7582,0,0,0,0,0,0); // 
AddPlayerClass(115,-7090.1455,-683.2820,6.1322,225.0172,0,0,0,0,0,0); // Hawaii
AddPlayerClass(115,-6061.5513,179.8794,13.8300,48.4396,0,0,0,0,0,0); // 
AddPlayerClass(115,-6282.1997,395.4392,13.8200,225.2826,0,0,0,0,0,0); // Lopez Island
AddPlayerClass(115,-5989.1772,531.3533,66.8233,125.8163,0,0,0,0,0,0); // 
AddPlayerClass(115,-6051.9751,487.8483,66.9987,125.2523,0,0,0,0,0,0); // Lopez Island Airbase
AddPlayerClass(115,-3721.5007,667.6108,6.0087,92.0906,0,0,0,0,0,0); // 
AddPlayerClass(115,-4049.1787,667.4938,6.0087,90.7844,0,0,0,0,0,0); // Gangnam Island
AddPlayerClass(115,-4394.5420,393.8870,4.6656,270.0215,0,0,0,0,0,0); // 
AddPlayerClass(115,-4302.5024,392.1163,4.6656,269.6455,0,0,0,0,0,0); // Rickroll Island North
AddPlayerClass(115,-4446.0513,-168.7786,4.4559,89.2859,0,0,0,0,0,0); // 
AddPlayerClass(115,-4778.7036,-161.4848,4.4484,269.6071,0,0,0,0,0,0); // Rickroll Island
AddPlayerClass(115,-4319.2808,-1589.3751,12.0575,56.6786,0,0,0,0,0,0); // 
AddPlayerClass(115,-4405.0771,-2160.5217,12.0253,263.1266,0,0,0,0,0,0); // Dollet Dukedom
AddPlayerClass(115,-5337.2192,-2257.7375,7.1633,268.8586,0,0,0,0,0,0); // 
AddPlayerClass(115,-5507.5781,-2257.7136,7.1633,89.9043,0,0,0,0,0,0); // Erections Island
AddPlayerClass(115,-5192.2026,-2595.8145,18.2460,273.0357,0,0,0,0,0,0); // 
AddPlayerClass(115,-5001.9414,-2595.5728,18.2391,89.9881,0,0,0,0,0,0); // Rickroll Carrier
AddPlayerClass(115,-4505.6289,-4581.3579,9.1175,124.0178,0,0,0,0,0,0); // 
AddPlayerClass(115,-5035.3081,-5110.9546,9.1153,318.6464,0,0,0,0,0,0); // Aotearoa
AddPlayerClass(115,-2408.3623,-2819.7966,3.2433,87.4016,0,0,0,0,0,0); // 
AddPlayerClass(115,-2490.8689,-2819.8523,3.2433,87.4016,0,0,0,0,0,0); // Reventon AFB
AddPlayerClass(115,-1766.7363,-3721.6838,5.3900,359.6567,0,0,0,0,0,0); // 
AddPlayerClass(115,-1766.7751,-3549.2825,5.4000,259.9090,0,0,0,0,0,0); // Mexicanada Island 18L
AddPlayerClass(115,-1933.3915,-3588.4143,5.1900,90.1307,0,0,0,0,0,0); // 
AddPlayerClass(115,-1933.4452,-3456.7002,5.1756,0.1307,0,0,0,0,0,0); // Mexicanada Island 18R
AddPlayerClass(115,-1944.6693,-3611.9370,5.1133,265.4012,0,0,0,0,0,0); // 
AddPlayerClass(115,-1899.9001,-3612.0645,5.2286,265.4012,0,0,0,0,0,0); // Mexicanada Island 09
AddPlayerClass(115,-2398.4148,-3573.9507,18.3851,182.1951,0,0,0,0,0,0); // 
AddPlayerClass(115,-2397.8142,-3764.5964,18.3491,183.3324,0,0,0,0,0,0); // Longe Island Carrier
AddPlayerClass(115,-2701.7219,-3693.6143,9.9700,236.8352,0,0,0,0,0,0); // 
AddPlayerClass(115,-2509.2576,-3822.6199,9.9800,147.2329,0,0,0,0,0,0); // Longe Island AFB
AddPlayerClass(115,-4170.9116,-3468.1462,2.6112,345.8553,0,0,0,0,0,0); // 
AddPlayerClass(115,-4222.8970,-3632.3237,2.6113,344.9896,0,0,0,0,0,0); // Whenuapai Airbase 180
AddPlayerClass(115,-4120.0923,-3555.9619,3.9175,245.5324,0,0,0,0,0,0); // 
AddPlayerClass(115,-4202.5605,-3529.6230,2.5933,70.6907,0,0,0,0,0,0); // Whenuapai Airbase 27
AddPlayerClass(115,-2614.4153,-4299.1294,9.8738,271.4564,0,0,0,0,0,0); // 
AddPlayerClass(115,-2531.8936,-4300.2861,9.8813,271.4564,0,0,0,0,0,0); // Longe Island
AddPlayerClass(115,669.8366,-3840.6277,18.7213,265.1728,0,0,0,0,0,0); // 
AddPlayerClass(115,413.8710,-3832.2087,18.6733,81.6473,0,0,0,0,0,0); // PL International Speedway
AddPlayerClass(115,296.2748,-4931.7031,12.8753,87.5588,0,0,0,0,0,0); // 
AddPlayerClass(115,-302.4719,-4931.7456,12.8953,92.9033,0,0,0,0,0,0); // Tuvalu Atoll
AddPlayerClass(115,584.6713,-3051.9160,16.0509,176.8991,0,0,0,0,0,0); // 
AddPlayerClass(115,383.2339,-3052.0657,16.0509,88.3834,0,0,0,0,0,0); // LS Carrier
AddPlayerClass(115,4900.0518,-4472.7451,8.3920,109.1774,0,0,0,0,0,0); // 
AddPlayerClass(115,4709.0459,-4544.6221,8.3920,99.8597,0,0,0,0,0,0); // Pripyat AFB
AddPlayerClass(115,5029.2324,-3599.9368,19.4020,252.3317,0,0,0,0,0,0); // 
AddPlayerClass(115,5261.5181,-3652.2766,19.4020,350.0411,0,0,0,0,0,0); // Arecibo Telescope
AddPlayerClass(115,3183.5063,-2486.0466,18.3047,14.6632,0,0,0,0,0,0); // 
AddPlayerClass(115,3144.6292,-2328.1113,18.3131,16.2847,0,0,0,0,0,0); // S.A.S. Sao Paolo Carrier
AddPlayerClass(115,-2076.8254,-101.8890,35.1641,177.0515,0,0,0,0,0,0); // 
AddPlayerClass(115,-2076.5854,-281.7438,35.5703,0.9608,0,0,0,0,0,0); // SF Airbase
AddPlayerClass(115,-1255.9381,529.1465,18.2391,92.6946,0,0,0,0,0,0); // 
AddPlayerClass(115,-1446.1304,529.0235,18.2391,344.6515,0,0,0,0,0,0); // SF Carrier
AddPlayerClass(115,-2996.6548,472.5227,5.9942,89.0571,0,0,0,0,0,0); // 
AddPlayerClass(115,-2895.4631,472.7184,4.9694,269.5387,0,0,0,0,0,0); // Ocean Flats AFB
AddPlayerClass(115,-721.3887,1627.7574,27.3210,262.6632,0,0,0,0,0,0); // 
AddPlayerClass(115,-776.7425,1634.3647,27.3310,82.2048,0,0,0,0,0,0); // Las Barrancas B
AddPlayerClass(115,-1303.3607,2309.9551,133.1313,89.7737,0,0,0,0,0,0); // 
AddPlayerClass(115,-1228.1869,2309.7278,133.1133,272.1355,0,0,0,0,0,0); // Hayden's Rock
AddPlayerClass(115,-1349.0396,2447.3892,90.2012,90.0319,0,0,0,0,0,0); // 
AddPlayerClass(115,-1307.8243,2447.3342,90.1825,271.0776,0,0,0,0,0,0); // Loeffield Airport
AddPlayerClass(115,-2271.8728,2612.2844,73.6113,180.0557,0,0,0,0,0,0); // 
AddPlayerClass(115,-2271.6123,2684.6460,73.6113,359.7853,0,0,0,0,0,0); // Favela Robada
AddPlayerClass(115,-2831.8630,2725.9751,246.1133,196.1192,0,0,0,0,0,0); // 
AddPlayerClass(115,-2853.4180,2799.5293,246.1133,16.2248,0,0,0,0,0,0); // NSF Research Center
AddPlayerClass(115,-1125.5302,2949.4875,79.4084,272.1130,0,0,0,0,0,0); // 
AddPlayerClass(115,-1185.5187,2949.2031,79.4035,88.8346,0,0,0,0,0,0); // Cayanne AFB 27
AddPlayerClass(115,-1132.2657,2899.3669,81.1273,176.8195,0,0,0,0,0,0); // 
AddPlayerClass(115,-1132.2134,2954.6741,79.4084,1.6252,0,0,0,0,0,0); // Cayanne AFB 36
AddPlayerClass(115,308.0246,1793.4792,17.6406,173.7912,0,0,0,0,0,0); // 
AddPlayerClass(115,307.5989,2059.0083,17.6406,182.2973,0,0,0,0,0,0); // Area 69 AFB
AddPlayerClass(115,717.6507,1568.5465,8.9133,265.6308,0,0,0,0,0,0); // 
AddPlayerClass(115,528.3646,1569.0148,8.9233,88.1713,0,0,0,0,0,0); // Octane Springs
AddPlayerClass(115,167.3478,-1807.9714,4.2789,89.8321,0,0,0,0,0,0); // 
AddPlayerClass(115,299.8779,-1808.2511,4.4802,269.9377,0,0,0,0,0,0); // Santa Maria Beach
AddPlayerClass(115,-580.5935,-1889.5128,11.9933,359.2133,0,0,0,0,0,0); // 
AddPlayerClass(115,-704.2133,-1889.4097,11.9933,1.9093,0,0,0,0,0,0); // Landfill
AddPlayerClass(115,-1889.0496,-1505.8739,22.3795,1.6920,0,0,0,0,0,0); // 
AddPlayerClass(115,-1889.8619,-1634.7500,22.0512,173.6058,0,0,0,0,0,0); // Whetstone Junkyard
AddPlayerClass(115,-1948.0504,-2480.8896,34.2833,134.7643,0,0,0,0,0,0); // 
AddPlayerClass(115,-2071.7209,-2357.9863,34.2833,45.1530,0,0,0,0,0,0); // Angel Pine 31
AddPlayerClass(115,-1856.9274,-2374.4834,34.3113,315.1182,0,0,0,0,0,0); // 
AddPlayerClass(115,-1965.5531,-2483.0464,34.2633,227.0531,0,0,0,0,0,0); // Angel Pine 22
AddPlayerClass(115,-1334.4546,-1868.0885,2.7213,192.5320,0,0,0,0,0,0); // 
AddPlayerClass(115,-1345.5140,-1815.2952,2.7212,191.6153,0,0,0,0,0,0); // Outpost C9
AddPlayerClass(115,-249.0311,-2124.9529,29.1361,18.0846,0,0,0,0,0,0); // 
AddPlayerClass(115,-234.8199,-2202.2354,29.1790,5.3005,0,0,0,0,0,0); // Wadworth Hill Grass
AddPlayerClass(115,-523.1580,-1494.5167,10.8384,269.0515,0,0,0,0,0,0); // 
AddPlayerClass(115,-522.9353,-1551.9952,7.8402,89.0515,0,0,0,0,0,0); // Leafnok
AddPlayerClass(115,-748.4503,-1116.4501,65.4633,180.4716,0,0,0,0,0,0); // 
AddPlayerClass(115,-831.6375,-1116.4125,65.4633,90.4715,0,0,0,0,0,0); // Excalibur AFB
AddPlayerClass(115,-772.8421,-836.2628,149.5014,311.1804,0,0,0,0,0,0); // 
AddPlayerClass(115,-859.3909,-923.6784,148.6751,133.7301,0,0,0,0,0,0); // Chester Field
AddPlayerClass(115,-3071.5737,-4697.0811,3.2947,272.1660,0,0,0,0,0,0); // 
AddPlayerClass(115,-3071.4036,-4877.1489,3.2747,0.3647,0,0,0,0,0,0); // Etonia Island
AddPlayerClass(115,1834.3510,-1303.7791,131.7513,270.5876,0,0,0,0,0,0); // 
AddPlayerClass(115,1771.7489,-1303.7792,131.7513,90.1293,0,0,0,0,0,0); // PL Office Tower
AddPlayerClass(287,989.5391,-2197.4480,13.2033,355.1527,0,0,0,0,0,0); // 
AddPlayerClass(287,999.0132,-2095.4915,13.2237,354.5260,0,0,0,0,0,0); // Verdant Bluff Airbase
AddPlayerClass(287,-2416.5564,-948.9923,16.0296,243.8723,0,0,0,0,0,0); // 
AddPlayerClass(287,-2327.0576,-992.6417,16.0888,242.9323,0,0,0,0,0,0); // Chilliad AFB
AddPlayerClass(287,-3699.2585,1147.9092,16.4091,250.5199,0,0,0,0,0,0); // 
AddPlayerClass(287,-3876.0129,1212.2700,16.4091,70.0615,0,0,0,0,0,0); // Gangnam Carrier
AddPlayerClass(287,2146.3521,-133.9941,4.0413,178.8531,0,0,0,0,0,0); // 
AddPlayerClass(287,2146.3848,-88.7086,4.0413,179.7961,0,0,0,0,0,0); // Palomino Outpost
AddPlayerClass(287,3189.8420,1724.7944,18.6841,170.8812,0,0,0,0,0,0); // 
AddPlayerClass(287,3159.5144,1553.4303,18.6841,169.9412,0,0,0,0,0,0); // Apoloxis Carrier
AddPlayerClass(287,-139.5974,134.0314,4.6013,342.0117,0,0,0,0,0,0); // 
AddPlayerClass(287,-220.4303,-105.6145,3.8133,342.3250,0,0,0,0,0,0); // Blueberry Airport
AddPlayerClass(115,-3347.9741,165.0744,3.3338,9.5722,0,0,0,0,0,0); // 
AddPlayerClass(115,-3357.6531,220.0194,3.3265,8.0681,0,0,0,0,0,0); // Rockway Lighthouse
AddPlayerClass(115,-4495.3540,2380.2124,10.5837,182.3303,0,0,0,0,0,0); // 
AddPlayerClass(115,-4634.2793,2380.2517,10.5665,96.4134,0,0,0,0,0,0); // Beograd Island
AddPlayerClass(287,-1790.5836,-5432.5239,18.2744,180.7892,0,0,0,0,0,0); // 
AddPlayerClass(287,-1790.6409,-5611.2500,18.2444,175.4694,0,0,0,0,0,0); // Kingston Carrier
AddPlayerClass(287,-6345.8906,-4545.2417,17.7656,79.7407,0,0,0,0,0,0); // 
AddPlayerClass(287,-6212.6699,-4568.8311,17.5318,260.0344,0,0,0,0,0,0); // S.A.S. Adelaide
AddPlayerClass(115,5259.9038,-4735.3667,10.6920,179.0838,0,0,0,0,0,0); // 
AddPlayerClass(115,5259.9570,-5011.4385,10.6920,97.0727,0,0,0,0,0,0); // Pripyat Island
AddPlayerClass(115,4250.5054,-6213.6729,6.2200,270.0937,0,0,0,0,0,0); // 
AddPlayerClass(115,4434.6104,-6213.7920,6.2200,270.0937,0,0,0,0,0,0); // Abu Dhabi
AddPlayerClass(115,8638.3701,-2967.7690,18.6091,315.8374,0,0,0,0,0,0); // 
AddPlayerClass(115,8773.7080,-2832.7441,18.5991,315.9285,0,0,0,0,0,0); // Seychelles carrier
AddPlayerClass(32,-118.9063,17189.8730,420.2333,2.2736,0,0,0,0,0,0); // 
AddPlayerClass(32,-118.6818,17076.3574,420.2233,181.5020,0,0,0,0,0,0); // Newtontoppen
AddPlayerClass(32,385.4806,17267.3457,77.6933,4.1535,0,0,0,0,0,0); // 
AddPlayerClass(32,385.2043,16860.3418,68.2675,180.5618,0,0,0,0,0,0); // Longyearbyen
AddPlayerClass(32,4739.7651,7133.1733,14.1153,269.5261,0,0,0,0,0,0); // 
AddPlayerClass(32,3930.0168,7133.2212,14.1153,88.1277,0,0,0,0,0,0); // SA Spaceport
AddPlayerClass(32,5013.9360,6131.0269,11.2005,88.9507,0,0,0,0,0,0); // 
AddPlayerClass(32,5168.5625,6128.8623,11.2005,80.1773,0,0,0,0,0,0); // San Antonio
AddPlayerClass(32,4370.8804,3810.0964,9.4735,180.9781,0,0,0,0,0,0); // 
AddPlayerClass(32,4370.7710,3981.0840,9.5646,178.1580,0,0,0,0,0,0); // Old Scatness 18
AddPlayerClass(32,4423.8379,3910.2319,9.4181,314.7726,0,0,0,0,0,0); // 
AddPlayerClass(32,4263.7627,3775.9099,9.4181,127.7343,0,0,0,0,0,0); // Old Scatness 23
AddPlayerClass(192,4862.6665,2508.5591,6.9523,346.2037,0,0,0,0,0,0); // 
AddPlayerClass(192,4798.8804,2349.1033,6.9523,159.4774,0,0,0,0,0,0); // Camden Airfield
AddPlayerClass(192,7143.5640,1720.8702,3.5238,177.7577,0,0,0,0,0,0); // 
AddPlayerClass(192,7143.5757,2031.8315,5.3400,180.3873,0,0,0,0,0,0); // Santa Maria Island
AddPlayerClass(192,5423.9419,-4247.5386,30.9459,3.0181,0,0,0,0,0,0); // 
AddPlayerClass(192,5424.0557,-4176.3472,31.0023,174.9746,0,0,0,0,0,0); // Bermuda Island
AddPlayerClass(192,-13877.8369,-13879.0049,20.7753,134.9094,0,0,0,0,0,0); // 
AddPlayerClass(192,-14374.7559,-14375.0840,20.7753,134.3233,0,0,0,0,0,0); // Black Mesa Research Facility
AddPlayerClass(192,-1968.0253,-4260.8496,5.2233,179.7985,0,0,0,0,0,0); // 
AddPlayerClass(192,-1968.2279,-4111.0972,5.2233,0.9671,0,0,0,0,0,0); // Caprica 18
AddPlayerClass(192,-2016.1655,-4240.3911,5.2233,130.5200,0,0,0,0,0,0); // 
AddPlayerClass(192,-1904.7882,-4129.5293,5.2233,315.4928,0,0,0,0,0,0); // Caprica 32
AddPlayerClass(192,14924.8887,-2776.8972,10.1956,78.0303,0,0,0,0,0,0); // 
AddPlayerClass(192,15120.3096,-2780.9297,10.1956,262.8597,0,0,0,0,0,0); // Outlandia
AddPlayerClass(192,-10819.4893,-3730.1711,6.8900,313.5255,0,0,0,0,0,0); // 
AddPlayerClass(192,-10551.4121,-3998.2659,7.0051,225.5726,0,0,0,0,0,0); // Kowloon Island
AddPlayerClass(192,5714.3774,-7606.7554,8.9785,181.2642,0,0,0,0,0,0); // 
AddPlayerClass(192,5714.4053,-7223.8047,8.9785,354.2466,0,0,0,0,0,0); // Palma de Linda
AddPlayerClass(192,5577.5889,-7467.9570,8.9685,122.0174,0,0,0,0,0,0); // 
AddPlayerClass(192,5802.2373,-7338.1196,8.9685,303.7733,0,0,0,0,0,0); // Palma de Linda 24
AddPlayerClass(192,4458.7661,-7334.1240,11.8156,90.5794,0,0,0,0,0,0); // 
AddPlayerClass(192,4223.5259,-7333.8086,11.8582,95.1111,0,0,0,0,0,0); // Tengkorak Island
AddPlayerClass(192,3165.7664,5882.1313,6.2700,268.8873,0,0,0,0,0,0); // 
AddPlayerClass(192,3167.9990,6204.4624,6.1540,181.5182,0,0,0,0,0,0); // Kaf Airport
AddPlayerClass(192,-2959.8760,3542.2734,13.7712,169.9677,0,0,0,0,0,0); // 
AddPlayerClass(192,-2959.7844,3727.1465,13.7712,0.3496,0,0,0,0,0,0); // Vercacity Airport
AddPlayerClass(192,853.5684,3414.0444,9.5942,355.2639,0,0,0,0,0,0); // 
AddPlayerClass(192,853.4307,3828.1797,9.8042,0.2355,0,0,0,0,0,0); // Isla de los Estados
AddPlayerClass(192,433.9662,-6926.3584,11.3044,307.9414,0,0,0,0,0,0); // 
AddPlayerClass(192,812.5521,-6548.5645,11.3044,317.3009,0,0,0,0,0,0); // Dean Island 23
AddPlayerClass(192,355.6141,-6737.4956,11.2444,96.9408,0,0,0,0,0,0); // 
AddPlayerClass(192,890.6110,-6737.5527,11.2444,270.3619,0,0,0,0,0,0); // Dean Island 09
